Model: ExtraTrees
Backbone: ecfp2048
Bootstrap_AUROC_median: 0.7805944818539006
Bootstrap_AUROC_CI95: [0.6620268909979868, 0.8838746374995525]
Yscramble_AUROC_mean: 0.7451500103455412
Yscramble_AUROC_std: 0.018176010299449135
CV_AUROC_mean: 0.9027411816578482
CV_AUROC_std: 0.04431209113376803
CV_splits: 5, CV_repeats: 10
