Model: BRF
Backbone: ecfp1024
Bootstrap_AUROC_median: 0.8025982892869472
Bootstrap_AUROC_CI95: [0.6970522705067754, 0.893849902534113]
Yscramble_AUROC_mean: 0.7355452100144839
Yscramble_AUROC_std: 0.017617277755299032
CV_AUROC_mean: 0.8943333333333332
CV_AUROC_std: 0.04716121459086014
CV_splits: 5, CV_repeats: 10
