Model: BRF
Backbone: maccs
Bootstrap_AUROC_median: 0.8024599132239201
Bootstrap_AUROC_CI95: [0.6831076733279015, 0.9017751543107454]
Yscramble_AUROC_mean: 0.7380560728326092
Yscramble_AUROC_std: 0.018752306314804196
CV_AUROC_mean: 0.892339947089947
CV_AUROC_std: 0.047731656202533286
CV_splits: 5, CV_repeats: 10
