Model: ExtraTrees
Backbone: descriptors
Bootstrap_AUROC_median: 0.7680165513498847
Bootstrap_AUROC_CI95: [0.64890924224081, 0.8715986186752316]
Yscramble_AUROC_mean: 0.7889882060831782
Yscramble_AUROC_std: 0.024565546943130612
CV_AUROC_mean: 0.9269858906525573
CV_AUROC_std: 0.039506457230016945
CV_splits: 5, CV_repeats: 10
